0.000000000000000000e+00
5.000000000000000000e+00
-5.000000000000000000e+00
0.000000000000000000e+00
1.000000000000000000e+00
-1.000000000000000000e+00
0.000000000000000000e+00
4.900000000000000355e+00
-4.900000000000000355e+00
0.000000000000000000e+00
1.000000000000000000e+00
-1.000000000000000000e+00
0.000000000000000000e+00
4.798726764017978930e+00
-4.798726764017978930e+00
0.000000000000000000e+00
9.997401559220363554e-01
-9.997401559220363554e-01
0.000000000000000000e+00
4.696129329692696253e+00
-4.696129329692696253e+00
0.000000000000000000e+00
9.992044356954056239e-01
-9.992044356954056239e-01
0.000000000000000000e+00
4.592152910953026357e+00
-4.592152910953026357e+00
0.000000000000000000e+00
9.983753063126644678e-01
-9.983753063126644678e-01
0.000000000000000000e+00
4.486738472770595010e+00
-4.486738472770595010e+00
0.000000000000000000e+00
9.972335385815298547e-01
-9.972335385815298547e-01
0.000000000000000000e+00
4.379822242243822217e+00
-4.379822242243822217e+00
0.000000000000000000e+00
9.957579787867723020e-01
-9.957579787867723020e-01
0.000000000000000000e+00
4.271335143861203498e+00
-4.271335143861203498e+00
0.000000000000000000e+00
9.939252802510878393e-01
-9.939252802510878393e-01
0.000000000000000000e+00
4.161202143936324482e+00
-4.161202143936324482e+00
0.000000000000000000e+00
9.917095859783426892e-01
-9.917095859783426892e-01
0.000000000000000000e+00
4.049341485545488339e+00
-4.049341485545488339e+00
0.000000000000000000e+00
9.890821512030404383e-01
-9.890821512030404383e-01
0.000000000000000000e+00
3.935663790562096587e+00
-3.935663790562096587e+00
0.000000000000000000e+00
9.860108915569054666e-01
-9.860108915569054666e-01
0.000000000000000000e+00
3.820070999196687023e+00
-3.820070999196687023e+00
0.000000000000000000e+00
9.824598384142886331e-01
-9.824598384142886331e-01
0.000000000000000000e+00
3.702455109293019131e+00
-3.702455109293019131e+00
0.000000000000000000e+00
9.783884773864488515e-01
-9.783884773864488515e-01
0.000000000000000000e+00
3.582696666751655989e+00
-3.582696666751655989e+00
0.000000000000000000e+00
9.737509383088999160e-01
-9.737509383088999160e-01
0.000000000000000000e+00
3.460662943774429401e+00
-3.460662943774429401e+00
0.000000000000000000e+00
9.684949945308083397e-01
-9.684949945308083397e-01
0.000000000000000000e+00
3.336205721564968751e+00
-3.336205721564968751e+00
0.000000000000000000e+00
9.625608145552592143e-01
-9.625608145552592143e-01
0.000000000000000000e+00
3.209158566326517192e+00
-3.209158566326517192e+00
0.000000000000000000e+00
9.558793880805165344e-01
-9.558793880805165344e-01
0.000000000000000000e+00
3.079333448295790809e+00
-3.079333448295790809e+00
0.000000000000000000e+00
9.483705181126872441e-01
-9.483705181126872441e-01
0.000000000000000000e+00
2.946516497614734220e+00
-2.946516497614734220e+00
0.000000000000000000e+00
9.399402260486992011e-01
-9.399402260486992011e-01
0.000000000000000000e+00
2.810462609338745033e+00
-2.810462609338745033e+00
0.000000000000000000e+00
9.304773492843881888e-01
-9.304773492843881888e-01
0.000000000000000000e+00
2.670888488681320894e+00
-2.670888488681320894e+00
0.000000000000000000e+00
9.198490072745125756e-01
-9.198490072745125756e-01
0.000000000000000000e+00
2.527463543230938470e+00
-2.527463543230938470e+00
0.000000000000000000e+00
9.078944483978522717e-01
-9.078944483978522717e-01
0.000000000000000000e+00
2.379797741199437766e+00
-2.379797741199437766e+00
0.000000000000000000e+00
8.944165242656333392e-01
-8.944165242656333392e-01
0.000000000000000000e+00
2.227425092801924134e+00
-2.227425092801924134e+00
0.000000000000000000e+00
8.791695921651910828e-01
-8.791695921651910828e-01
0.000000000000000000e+00
2.069780645414553977e+00
-2.069780645414553977e+00
0.000000000000000000e+00
8.618418693872681446e-01
-8.618418693872681446e-01
0.000000000000000000e+00
1.906167562971004426e+00
-1.906167562971004426e+00
0.000000000000000000e+00
8.420288496258679922e-01
-8.420288496258679922e-01
0.000000000000000000e+00
1.735708485313690819e+00
-1.735708485313690819e+00
0.000000000000000000e+00
8.191916857197605317e-01
-8.191916857197605317e-01
0.000000000000000000e+00
1.557270869265842128e+00
-1.557270869265842128e+00
0.000000000000000000e+00
7.925889399956088655e-01
-7.925889399956088655e-01
0.000000000000000000e+00
1.369346983188027167e+00
-1.369346983188027167e+00
0.000000000000000000e+00
7.611580600939342744e-01
-7.611580600939342744e-01
0.000000000000000000e+00
1.169849734849358613e+00
-1.169849734849358613e+00
0.000000000000000000e+00
7.232940715095161899e-01
-7.232940715095161899e-01
0.000000000000000000e+00
9.557396639480428835e-01
-9.557396639480428835e-01
0.000000000000000000e+00
6.763952747674980559e-01
-6.763952747674980559e-01
0.000000000000000000e+00
7.222791424450198949e-01
-7.222791424450198949e-01
0.000000000000000000e+00
6.158017933269821498e-01
-6.158017933269821498e-01
0.000000000000000000e+00
4.613666031647428167e-01
-4.613666031647428167e-01
0.000000000000000000e+00
5.318032309638033306e-01
-5.318032309638033306e-01
0.000000000000000000e+00
1.574870131761572645e-01
-1.574870131761572645e-01
0.000000000000000000e+00
3.982778579582321177e-01
-3.982778579582321177e-01
0.000000000000000000e+00
-2.115451768098225438e-01
2.115451768098225438e-01
0.000000000000000000e+00
9.998437205216031964e-02
-9.998437205216031964e-02
0.000000000000000000e+00
-4.387774761697416093e-02
4.387774761697416093e-02
0.000000000000000000e+00
-4.519739584675518951e-01
4.519739584675518951e-01
0.000000000000000000e+00
1.390188657062343680e-01
-1.390188657062343680e-01
0.000000000000000000e+00
-8.470601838893414559e-01
8.470601838893414559e-01
0.000000000000000000e+00
3.147721642849997670e-01
-3.147721642849997670e-01
0.000000000000000000e+00
-1.198621255582761336e+00
1.198621255582761336e+00
0.000000000000000000e+00
4.851503383073162423e-01
-4.851503383073162423e-01
0.000000000000000000e+00
-1.529714384821996509e+00
1.529714384821996509e+00
0.000000000000000000e+00
6.517135220650628336e-01
-6.517135220650628336e-01
0.000000000000000000e+00
-1.848778571638910462e+00
1.848778571638910462e+00
0.000000000000000000e+00
8.154649136621299199e-01
-8.154649136621299199e-01
0.000000000000000000e+00
-2.159866276583705780e+00
2.159866276583705780e+00
0.000000000000000000e+00
9.770625459267228141e-01
-9.770625459267228141e-01
0.000000000000000000e+00
-2.465249466138380807e+00
2.465249466138380807e+00
0.000000000000000000e+00
1.136957323461376568e+00
-1.136957323461376568e+00
0.000000000000000000e+00
-2.766336142914632035e+00
2.766336142914632035e+00
0.000000000000000000e+00
1.295470966217563857e+00
-1.295470966217563857e+00
0.000000000000000000e+00
-3.064062374248413878e+00
3.064062374248413878e+00
0.000000000000000000e+00
1.452840987055231459e+00
-1.452840987055231459e+00
0.000000000000000000e+00
-3.359083698268731766e+00
3.359083698268731766e+00
0.000000000000000000e+00
1.609247785100282435e+00
-1.609247785100282435e+00
0.000000000000000000e+00
-3.651877974725477038e+00
3.651877974725477038e+00
0.000000000000000000e+00
1.764831676318341813e+00
-1.764831676318341813e+00
0.000000000000000000e+00
-3.942804822595670444e+00
3.942804822595670444e+00
0.000000000000000000e+00
1.919704014465365649e+00
-1.919704014465365649e+00
0.000000000000000000e+00
-4.232141992017965038e+00
4.232141992017965038e+00
0.000000000000000000e+00
2.073954698332622471e+00
-2.073954698332622471e+00
0.000000000000000000e+00
-4.520108674551607031e+00
4.520108674551607031e+00
0.000000000000000000e+00
2.227657387814598877e+00
-2.227657387814598877e+00
0.000000000000000000e+00
-4.806881023295556332e+00
4.806881023295556332e+00
0.000000000000000000e+00
2.380873220206574992e+00
-2.380873220206574992e+00
0.000000000000000000e+00
-5.092602822650815320e+00
5.092602822650815320e+00
0.000000000000000000e+00
2.533653516807557793e+00
-2.533653516807557793e+00
0.000000000000000000e+00
-5.377393026497436779e+00
5.377393026497436779e+00
0.000000000000000000e+00
2.686041792703443676e+00
-2.686041792703443676e+00
0.000000000000000000e+00
-5.661351210736071060e+00
5.661351210736071060e+00
0.000000000000000000e+00
2.838075274971600059e+00
-2.838075274971600059e+00
0.000000000000000000e+00
-5.944561598965215410e+00
5.944561598965215410e+00
0.000000000000000000e+00
2.989786067241203327e+00
-2.989786067241203327e+00
0.000000000000000000e+00
-6.227096088781556738e+00
6.227096088781556738e+00
0.000000000000000000e+00
3.141202055340862831e+00
-3.141202055340862831e+00
0.000000000000000000e+00
-6.509016563463595695e+00
6.509016563463595695e+00
0.000000000000000000e+00
3.292347620374558748e+00
-3.292347620374558748e+00
0.000000000000000000e+00
-6.790376683165441740e+00
6.790376683165441740e+00
0.000000000000000000e+00
3.443244206510028604e+00
-3.443244206510028604e+00
0.000000000000000000e+00
-7.071223290717278509e+00
7.071223290717278509e+00
0.000000000000000000e+00
3.593910777723518635e+00
-3.593910777723518635e+00
0.000000000000000000e+00
-7.351597527802205434e+00
7.351597527802205434e+00
0.000000000000000000e+00
3.744364188664145665e+00
-3.744364188664145665e+00
0.000000000000000000e+00
-7.631535730541282980e+00
7.631535730541282980e+00
0.000000000000000000e+00
3.894619488375891336e+00
-3.894619488375891336e+00
0.000000000000000000e+00
-7.911070155003021576e+00
7.911070155003021576e+00
0.000000000000000000e+00
4.044690171001899870e+00
-4.044690171001899870e+00
0.000000000000000000e+00
-8.190229570116239088e+00
8.190229570116239088e+00
0.000000000000000000e+00
4.194588384238464585e+00
-4.194588384238464585e+00
0.000000000000000000e+00
-8.469039746144717995e+00
8.469039746144717995e+00
0.000000000000000000e+00
4.344325103832356483e+00
-4.344325103832356483e+00
0.000000000000000000e+00
-8.747523860125324902e+00
8.747523860125324902e+00
0.000000000000000000e+00
4.493910280571426163e+00
-4.493910280571426163e+00
0.000000000000000000e+00
-9.025702834709891320e+00
9.025702834709891320e+00
0.000000000000000000e+00
4.643352964829497331e+00
-4.643352964829497331e+00
0.000000000000000000e+00
-9.303595623164923722e+00
9.303595623164923722e+00
0.000000000000000000e+00
4.792661412669897203e+00
-4.792661412669897203e+00
0.000000000000000000e+00
-9.581219450514181446e+00
9.581219450514181446e+00
0.000000000000000000e+00
4.941843176700569273e+00
-4.941843176700569273e+00
0.000000000000000000e+00
-9.858590018707969804e+00
9.858590018707969804e+00
0.000000000000000000e+00
5.090905184245304582e+00
-5.090905184245304582e+00
0.000000000000000000e+00
-1.013572168209342550e+01
1.013572168209342550e+01
0.000000000000000000e+00
5.239853804904909929e+00
-5.239853804904909929e+00
0.000000000000000000e+00
-1.041262759821617045e+01
1.041262759821617045e+01
0.000000000000000000e+00
5.388694909196134475e+00
-5.388694909196134475e+00
0.000000000000000000e+00
-1.068931985801445528e+01
1.068931985801445528e+01
0.000000000000000000e+00
5.537433919650240455e+00
-5.537433919650240455e+00
0.000000000000000000e+00
-1.096580959870581751e+01
1.096580959870581751e+01
0.000000000000000000e+00
5.686075855509130861e+00
-5.686075855509130861e+00
0.000000000000000000e+00
-1.124210710206424402e+01
1.124210710206424402e+01
0.000000000000000000e+00
5.834625371961021933e+00
-5.834625371961021933e+00
0.000000000000000000e+00
-1.151822188030640604e+01
1.151822188030640604e+01
0.000000000000000000e+00
5.983086794699471689e+00
-5.983086794699471689e+00
0.000000000000000000e+00
-1.179416275142120618e+01
1.179416275142120618e+01
0.000000000000000000e+00
6.131464150461061635e+00
-6.131464150461061635e+00
0.000000000000000000e+00
-1.206993790546701995e+01
1.206993790546701995e+01
0.000000000000000000e+00
6.279761194092102983e+00
-6.279761194092102983e+00
0.000000000000000000e+00
-1.234555496310959555e+01
1.234555496310959555e+01
0.000000000000000000e+00
6.427981432608635970e+00
-6.427981432608635970e+00
0.000000000000000000e+00
-1.262102102746861831e+01
1.262102102746861831e+01
0.000000000000000000e+00
6.576128146642933103e+00
-6.576128146642933103e+00
0.000000000000000000e+00
-1.289634273017288812e+01
1.289634273017288812e+01
0.000000000000000000e+00
6.724204409610897493e+00
-6.724204409610897493e+00
0.000000000000000000e+00
-1.317152627238562346e+01
1.317152627238562346e+01
0.000000000000000000e+00
6.872213104885739554e+00
-6.872213104885739554e+00
0.000000000000000000e+00
-1.344657746144683230e+01
1.344657746144683230e+01
0.000000000000000000e+00
7.020156941222398750e+00
-7.020156941222398750e+00
0.000000000000000000e+00
-1.372150174368442777e+01
1.372150174368442777e+01
0.000000000000000000e+00
7.168038466642832063e+00
-7.168038466642832063e+00
0.000000000000000000e+00
-1.399630423386625999e+01
1.399630423386625999e+01
0.000000000000000000e+00
7.315860080963346057e+00
-7.315860080963346057e+00
0.000000000000000000e+00
-1.427098974169854628e+01
1.427098974169854628e+01
0.000000000000000000e+00
7.463624047120707594e+00
-7.463624047120707594e+00
0.000000000000000000e+00
-1.454556279572008926e+01
1.454556279572008926e+01
0.000000000000000000e+00
7.611332501433011544e+00
-7.611332501433011544e+00
0.000000000000000000e+00
-1.482002766489428502e+01
1.482002766489428502e+01
0.000000000000000000e+00
7.758987462913617073e+00
-7.758987462913617073e+00
0.000000000000000000e+00
-1.509438837816076173e+01
1.509438837816076173e+01
0.000000000000000000e+00
7.906590841741388154e+00
-7.906590841741388154e+00
0.000000000000000000e+00
-1.536864874217430099e+01
1.536864874217430099e+01
0.000000000000000000e+00
8.054144446977545613e+00
-8.054144446977545613e+00
0.000000000000000000e+00
-1.564281235742956078e+01
1.564281235742956078e+01
0.000000000000000000e+00
8.201649993608334910e+00
-8.201649993608334910e+00
0.000000000000000000e+00
-1.591688263294515160e+01
1.591688263294515160e+01
0.000000000000000000e+00
8.349109108983155281e+00
-8.349109108983155281e+00
0.000000000000000000e+00
-1.619086279965918251e+01
1.619086279965918251e+01
0.000000000000000000e+00
8.496523338709518924e+00
-8.496523338709518924e+00
0.000000000000000000e+00
-1.646475592266994425e+01
1.646475592266994425e+01
0.000000000000000000e+00
8.643894152059047542e+00
-8.643894152059047542e+00
0.000000000000000000e+00
-1.673856491243948241e+01
1.673856491243948241e+01
0.000000000000000000e+00
8.791222946932501614e+00
-8.791222946932501614e+00
0.000000000000000000e+00
-1.701229253506396333e+01
1.701229253506396333e+01
0.000000000000000000e+00
8.938511054426408364e+00
-8.938511054426408364e+00
0.000000000000000000e+00
-1.728594142170284798e+01
1.728594142170284798e+01
0.000000000000000000e+00
9.085759743039144354e+00
-9.085759743039144354e+00
0.000000000000000000e+00
-1.755951407724835533e+01
1.755951407724835533e+01
0.000000000000000000e+00
9.232970222550159534e+00
-9.232970222550159534e+00
0.000000000000000000e+00
-1.783301288830771014e+01
1.783301288830771014e+01
0.000000000000000000e+00
9.380143647602452006e+00
-9.380143647602452006e+00
0.000000000000000000e+00
-1.810644013056265678e+01
1.810644013056265678e+01
0.000000000000000000e+00
9.527281121015157339e+00
-9.527281121015157339e+00
0.000000000000000000e+00
-1.837979797556376127e+01
1.837979797556376127e+01
0.000000000000000000e+00
9.674383696850359371e+00
-9.674383696850359371e+00
0.000000000000000000e+00
-1.865308849701093408e+01
1.865308849701093408e+01
