0.000000000000000000e+00
5.000000000000000000e+00
-5.000000000000000000e+00
0.000000000000000000e+00
1.000000000000000000e+00
-1.000000000000000000e+00
0.000000000000000000e+00
4.899387137077693133e+00
-4.899387137077693133e+00
0.000000000000000000e+00
9.998774274155386443e-01
-9.998774274155386443e-01
0.000000000000000000e+00
4.798125539998640221e+00
-4.798125539998640221e+00
0.000000000000000000e+00
9.996212088768737791e-01
-9.996212088768737791e-01
0.000000000000000000e+00
4.696188934577331331e+00
-4.696188934577331331e+00
0.000000000000000000e+00
9.992230076432526698e-01
-9.992230076432526698e-01
0.000000000000000000e+00
4.593549250184470800e+00
-4.593549250184470800e+00
0.000000000000000000e+00
9.986737407034748104e-01
-9.986737407034748104e-01
0.000000000000000000e+00
4.490176443136908446e+00
-4.490176443136908446e+00
0.000000000000000000e+00
9.979634893800981565e-01
-9.979634893800981565e-01
0.000000000000000000e+00
4.386038297116696683e+00
-4.386038297116696683e+00
0.000000000000000000e+00
9.970813963025298987e-01
-9.970813963025298987e-01
0.000000000000000000e+00
4.281100196859860318e+00
-4.281100196859860318e+00
0.000000000000000000e+00
9.960155461936870402e-01
-9.960155461936870402e-01
0.000000000000000000e+00
4.175324870606593741e+00
-4.175324870606593741e+00
0.000000000000000000e+00
9.947528273404903087e-01
-9.947528273404903087e-01
0.000000000000000000e+00
4.068672095878362427e+00
-4.068672095878362427e+00
0.000000000000000000e+00
9.932787698920175767e-01
-9.932787698920175767e-01
0.000000000000000000e+00
3.961098361994755290e+00
-3.961098361994755290e+00
0.000000000000000000e+00
9.915773562040071099e-01
-9.915773562040071099e-01
0.000000000000000000e+00
3.852556481299139968e+00
-3.852556481299139968e+00
0.000000000000000000e+00
9.896307972613930248e-01
-9.896307972613930248e-01
0.000000000000000000e+00
3.742995139241171110e+00
-3.742995139241171110e+00
0.000000000000000000e+00
9.874192676754495190e-01
-9.874192676754495190e-01
0.000000000000000000e+00
3.632358371150550269e+00
-3.632358371150550269e+00
0.000000000000000000e+00
9.849205897499834217e-01
-9.849205897499834217e-01
0.000000000000000000e+00
3.520584950573780514e+00
-3.520584950573780514e+00
0.000000000000000000e+00
9.821098544760952231e-01
-9.821098544760952231e-01
0.000000000000000000e+00
3.407607670220377472e+00
-3.407607670220377472e+00
0.000000000000000000e+00
9.789589638136776406e-01
-9.789589638136776406e-01
0.000000000000000000e+00
3.293352491581833963e+00
-3.293352491581833963e+00
0.000000000000000000e+00
9.754360739166564320e-01
-9.754360739166564320e-01
0.000000000000000000e+00
3.177737532733262427e+00
-3.177737532733262427e+00
0.000000000000000000e+00
9.715049125760560900e-01
-9.715049125760560900e-01
0.000000000000000000e+00
3.060671855121228191e+00
-3.060671855121228191e+00
0.000000000000000000e+00
9.671239353837776109e-01
-9.671239353837776109e-01
0.000000000000000000e+00
2.942053998447471397e+00
-2.942053998447471397e+00
0.000000000000000000e+00
9.622452729089223666e-01
-9.622452729089223666e-01
0.000000000000000000e+00
2.821770196866433711e+00
-2.821770196866433711e+00
0.000000000000000000e+00
9.568134039365432386e-01
-9.568134039365432386e-01
0.000000000000000000e+00
2.699692187842527513e+00
-2.699692187842527513e+00
0.000000000000000000e+00
9.507634650953206146e-01
-9.507634650953206146e-01
0.000000000000000000e+00
2.575674494496049682e+00
-2.575674494496049682e+00
0.000000000000000000e+00
9.440190711474856222e-01
-9.440190711474856222e-01
0.000000000000000000e+00
2.449551019052905954e+00
-2.449551019052905954e+00
0.000000000000000000e+00
9.364894666579143268e-01
-9.364894666579143268e-01
0.000000000000000000e+00
2.321130722831806992e+00
-2.321130722831806992e+00
0.000000000000000000e+00
9.280657485622029190e-01
-9.280657485622029190e-01
0.000000000000000000e+00
2.190192077159947459e+00
-2.190192077159947459e+00
0.000000000000000000e+00
9.186157732333197767e-01
-9.186157732333197767e-01
0.000000000000000000e+00
2.056475833776834516e+00
-2.056475833776834516e+00
0.000000000000000000e+00
9.079771613808850228e-01
-9.079771613808850228e-01
0.000000000000000000e+00
1.919675456471563235e+00
-1.919675456471563235e+00
0.000000000000000000e+00
8.959474864674306094e-01
-8.959474864674306094e-01
0.000000000000000000e+00
1.779424233869462135e+00
-1.779424233869462135e+00
0.000000000000000000e+00
8.822701788450936222e-01
-8.822701788450936222e-01
0.000000000000000000e+00
1.635277580817894316e+00
-1.635277580817894316e+00
0.000000000000000000e+00
8.666137081709772705e-01
-8.666137081709772705e-01
0.000000000000000000e+00
1.486688200390601455e+00
-1.486688200390601455e+00
0.000000000000000000e+00
8.485398353370868785e-01
-8.485398353370868785e-01
0.000000000000000000e+00
1.332970386135476693e+00
-1.332970386135476693e+00
0.000000000000000000e+00
8.274533282800337064e-01
-8.274533282800337064e-01
0.000000000000000000e+00
1.173247386057271635e+00
-1.173247386057271635e+00
0.000000000000000000e+00
8.025186394138730250e-01
-8.025186394138730250e-01
0.000000000000000000e+00
1.006371768899463781e+00
-1.006371768899463781e+00
0.000000000000000000e+00
7.725140565503340051e-01
-7.725140565503340051e-01
0.000000000000000000e+00
8.308024496319568186e-01
-8.308024496319568186e-01
0.000000000000000000e+00
7.355584915251441869e-01
-7.355584915251441869e-01
0.000000000000000000e+00
6.444153415732768453e-01
-6.444153415732768453e-01
0.000000000000000000e+00
6.885538551094111392e-01
-6.885538551094111392e-01
0.000000000000000000e+00
4.442413475690422664e-01
-4.442413475690422664e-01
0.000000000000000000e+00
6.259132054233524922e-01
-6.259132054233524922e-01
0.000000000000000000e+00
2.263623580830043669e-01
-2.263623580830043669e-01
0.000000000000000000e+00
5.362018325560847787e-01
-5.362018325560847787e-01
0.000000000000000000e+00
-1.151913244542317888e-02
1.151913244542317888e-02
0.000000000000000000e+00
3.914471737128151774e-01
-3.914471737128151774e-01
0.000000000000000000e+00
-2.353972936871474297e-01
2.353972936871474297e-01
0.000000000000000000e+00
1.099219882217082334e-01
-1.099219882217082334e-01
0.000000000000000000e+00
-1.336126867991787037e-01
1.336126867991787037e-01
0.000000000000000000e+00
-2.714478122182384379e-01
2.714478122182384379e-01
0.000000000000000000e+00
-2.330307418437504996e-02
2.330307418437504996e-02
0.000000000000000000e+00
-3.629703810463046909e-01
3.629703810463046909e-01
0.000000000000000000e+00
5.961193491857691429e-02
-5.961193491857691429e-02
0.000000000000000000e+00
-3.502558799973395365e-01
3.502558799973395365e-01
0.000000000000000000e+00
1.061938435578269058e-01
-1.061938435578269058e-01
0.000000000000000000e+00
-2.084746988342340290e-01
2.084746988342340290e-01
0.000000000000000000e+00
-3.854086522762768807e-02
3.854086522762768807e-02
0.000000000000000000e+00
2.666381878176279918e-01
-2.666381878176279918e-01
0.000000000000000000e+00
-6.786072630362849356e-02
6.786072630362849356e-02
0.000000000000000000e+00
2.771135713668022582e-01
-2.771135713668022582e-01
0.000000000000000000e+00
-4.196691998269930224e-02
4.196691998269930224e-02
0.000000000000000000e+00
1.075171096564889184e-01
-1.075171096564889184e-01
0.000000000000000000e+00
6.255172633605359245e-01
-6.255172633605359245e-01
0.000000000000000000e+00
-1.669674035928677247e+00
1.669674035928677247e+00
0.000000000000000000e+00
1.068533902216134646e+00
-1.068533902216134646e+00
0.000000000000000000e+00
-2.871502097687462562e+00
2.871502097687462562e+00
0.000000000000000000e+00
1.511541592666584499e+00
-1.511541592666584499e+00
0.000000000000000000e+00
-4.073289919447284468e+00
4.073289919447284468e+00
0.000000000000000000e+00
1.954401894145761931e+00
-1.954401894145761931e+00
0.000000000000000000e+00
-5.274678305895013963e+00
5.274678305895013963e+00
0.000000000000000000e+00
2.397144296132558861e+00
-2.397144296132558861e+00
0.000000000000000000e+00
-6.475747886009494358e+00
6.475747886009494358e+00
0.000000000000000000e+00
2.839798449302144867e+00
-2.839798449302144867e+00
0.000000000000000000e+00
-7.676578837556269796e+00
7.676578837556269796e+00
0.000000000000000000e+00
3.282385523767163527e+00
-3.282385523767163527e+00
0.000000000000000000e+00
-8.877228356408467747e+00
8.877228356408467747e+00
0.000000000000000000e+00
3.724920308464283902e+00
-3.724920308464283902e+00
0.000000000000000000e+00
-1.007773640293032180e+01
1.007773640293032180e+01
0.000000000000000000e+00
4.167413342348155858e+00
-4.167413342348155858e+00
0.000000000000000000e+00
-1.127813146202868033e+01
1.127813146202868033e+01
0.000000000000000000e+00
4.609872336764190059e+00
-4.609872336764190059e+00
0.000000000000000000e+00
-1.247843438231393520e+01
1.247843438231393520e+01
0.000000000000000000e+00
5.052303079422625132e+00
-5.052303079422625132e+00
0.000000000000000000e+00
-1.367866081587795968e+01
1.367866081587795968e+01
0.000000000000000000e+00
5.494710014384200036e+00
-5.494710014384200036e+00
0.000000000000000000e+00
-1.487882278399188074e+01
1.487882278399188074e+01
0.000000000000000000e+00
5.937096622958846659e+00
-5.937096622958846659e+00
0.000000000000000000e+00
-1.607892970565590218e+01
1.607892970565590218e+01
0.000000000000000000e+00
6.379465680410418393e+00
-6.379465680410418393e+00
0.000000000000000000e+00
-1.727898909098625779e+01
1.727898909098625779e+01
0.000000000000000000e+00
6.821819433334733063e+00
-6.821819433334733063e+00
0.000000000000000000e+00
-1.847900702046242216e+01
1.847900702046242216e+01
0.000000000000000000e+00
7.264159725080071794e+00
-7.264159725080071794e+00
0.000000000000000000e+00
-1.967898848387731192e+01
1.967898848387731192e+01
0.000000000000000000e+00
7.706488086302122120e+00
-7.706488086302122120e+00
0.000000000000000000e+00
-2.087893762511778917e+01
2.087893762511778917e+01
0.000000000000000000e+00
8.148805801589762865e+00
-8.148805801589762865e+00
0.000000000000000000e+00
-2.207885792229821575e+01
2.207885792229821575e+01
0.000000000000000000e+00
8.591113959324992777e+00
-8.591113959324992777e+00
0.000000000000000000e+00
-2.327875232258940130e+01
2.327875232258940130e+01
0.000000000000000000e+00
9.033413489572799548e+00
-9.033413489572799548e+00
0.000000000000000000e+00
-2.447862334469551016e+01
2.447862334469551016e+01
0.000000000000000000e+00
9.475705193277251581e+00
-9.475705193277251581e+00
0.000000000000000000e+00
-2.567847315782959683e+01
2.567847315782959683e+01
0.000000000000000000e+00
9.917989765044060491e+00
-9.917989765044060491e+00
0.000000000000000000e+00
-2.687830364334890731e+01
2.687830364334890731e+01
0.000000000000000000e+00
1.036026781112389372e+01
-1.036026781112389372e+01
0.000000000000000000e+00
-2.807811644341241575e+01
2.807811644341241575e+01
0.000000000000000000e+00
1.080253986375725717e+01
-1.080253986375725717e+01
0.000000000000000000e+00
-2.927791299979830697e+01
2.927791299979830697e+01
0.000000000000000000e+00
1.124480639272785965e+01
-1.124480639272785965e+01
0.000000000000000000e+00
-3.047769458517079144e+01
3.047769458517079144e+01
0.000000000000000000e+00
1.168706781475049539e+01
-1.168706781475049539e+01
0.000000000000000000e+00
-3.167746232848892873e+01
3.167746232848892873e+01
0.000000000000000000e+00
1.212932450116195504e+01
-1.212932450116195504e+01
0.000000000000000000e+00
-3.287721723582441058e+01
3.287721723582441058e+01
0.000000000000000000e+00
1.257157678426960246e+01
-1.257157678426960246e+01
0.000000000000000000e+00
-3.407696020754724486e+01
3.407696020754724486e+01
0.000000000000000000e+00
1.301382496262879940e+01
-1.301382496262879940e+01
0.000000000000000000e+00
-3.527669205261297236e+01
3.527669205261297236e+01
0.000000000000000000e+00
1.345606930545867996e+01
-1.345606930545867996e+01
0.000000000000000000e+00
-3.647641350051800657e+01
3.647641350051800657e+01
0.000000000000000000e+00
1.389831005635951300e+01
-1.389831005635951300e+01
0.000000000000000000e+00
-3.767612521136480552e+01
3.767612521136480552e+01
0.000000000000000000e+00
1.434054743645999253e+01
-1.434054743645999253e+01
0.000000000000000000e+00
-3.887582778438396502e+01
3.887582778438396502e+01
0.000000000000000000e+00
1.478278164709612774e+01
-1.478278164709612774e+01
0.000000000000000000e+00
-4.007552176518849052e+01
4.007552176518849052e+01
0.000000000000000000e+00
1.522501287210285525e+01
-1.522501287210285525e+01
0.000000000000000000e+00
-4.127520765197965602e+01
4.127520765197965602e+01
0.000000000000000000e+00
1.566724127978363690e+01
-1.566724127978363690e+01
0.000000000000000000e+00
-4.247488590088109817e+01
4.247488590088109817e+01
0.000000000000000000e+00
1.610946702461078672e+01
-1.610946702461078672e+01
0.000000000000000000e+00
-4.367455693054388632e+01
4.367455693054388632e+01
0.000000000000000000e+00
1.655169024869949368e+01
-1.655169024869949368e+01
0.000000000000000000e+00
-4.487422112613890590e+01
4.487422112613890590e+01
0.000000000000000000e+00
1.699391108309073317e+01
-1.699391108309073317e+01
0.000000000000000000e+00
-4.607387884283168944e+01
4.607387884283168944e+01
0.000000000000000000e+00
1.743612964887199723e+01
-1.743612964887199723e+01
0.000000000000000000e+00
-4.727353040881817492e+01
4.727353040881817492e+01
0.000000000000000000e+00
1.787834605815985611e+01
-1.787834605815985611e+01
0.000000000000000000e+00
-4.847317612798628517e+01
4.847317612798628517e+01
0.000000000000000000e+00
1.832056041496425181e+01
-1.832056041496425181e+01
0.000000000000000000e+00
-4.967281628225721590e+01
4.967281628225721590e+01
0.000000000000000000e+00
1.876277281595124080e+01
-1.876277281595124080e+01
0.000000000000000000e+00
-5.087245113365169402e+01
5.087245113365169402e+01
0.000000000000000000e+00
1.920498335111811627e+01
-1.920498335111811627e+01
0.000000000000000000e+00
-5.207208092611895722e+01
5.207208092611895722e+01
0.000000000000000000e+00
1.964719210439274377e+01
-1.964719210439274377e+01
0.000000000000000000e+00
-5.327170588716045074e+01
5.327170588716045074e+01
0.000000000000000000e+00
2.008939915416707933e+01
-2.008939915416707933e+01
0.000000000000000000e+00
-5.447132622927529155e+01
5.447132622927529155e+01
0.000000000000000000e+00
2.053160457377335035e+01
-2.053160457377335035e+01
0.000000000000000000e+00
-5.567094215125040790e+01
5.567094215125040790e+01
0.000000000000000000e+00
2.097380843191013255e+01
-2.097380843191013255e+01
0.000000000000000000e+00
-5.687055383931496522e+01
5.687055383931496522e+01
0.000000000000000000e+00
2.141601079302454380e+01
-2.141601079302454380e+01
0.000000000000000000e+00
-5.807016146817586133e+01
5.807016146817586133e+01
0.000000000000000000e+00
2.185821171765581283e+01
-2.185821171765581283e+01
0.000000000000000000e+00
-5.926976520194871512e+01
5.926976520194871512e+01
0.000000000000000000e+00
2.230041126274486984e+01
-2.230041126274486984e+01
0.000000000000000000e+00
-6.046936519499671192e+01
6.046936519499671192e+01
0.000000000000000000e+00
2.274260948191385978e+01
-2.274260948191385978e+01
0.000000000000000000e+00
-6.166896159268801370e+01
6.166896159268801370e+01
0.000000000000000000e+00
2.318480642571907069e+01
-2.318480642571907069e+01
0.000000000000000000e+00
-6.286855453208110589e+01
6.286855453208110589e+01
0.000000000000000000e+00
2.362700214188020453e+01
-2.362700214188020453e+01
0.000000000000000000e+00
-6.406814414254610313e+01
6.406814414254610313e+01
