0.000000000000000000e+00
5.000000000000000000e+00
-5.000000000000000000e+00
0.000000000000000000e+00
1.000000000000000000e+00
-1.000000000000000000e+00
0.000000000000000000e+00
4.898774274155385910e+00
-4.898774274155385910e+00
0.000000000000000000e+00
9.997548548310772887e-01
-9.997548548310772887e-01
0.000000000000000000e+00
4.796274675859115710e+00
-4.796274675859115710e+00
0.000000000000000000e+00
9.992497343914633623e-01
-9.992497343914633623e-01
0.000000000000000000e+00
4.692449528267332859e+00
-4.692449528267332859e+00
0.000000000000000000e+00
9.984684507062099312e-01
-9.984684507062099312e-01
0.000000000000000000e+00
4.587243241067463728e+00
-4.587243241067463728e+00
0.000000000000000000e+00
9.973932854743594589e-01
-9.973932854743594589e-01
0.000000000000000000e+00
4.480595871294971388e+00
-4.480595871294971388e+00
0.000000000000000000e+00
9.960047891182990387e-01
-9.960047891182990387e-01
0.000000000000000000e+00
4.372442617795174513e+00
-4.372442617795174513e+00
0.000000000000000000e+00
9.942815454546629628e-01
-9.942815454546629628e-01
0.000000000000000000e+00
4.262713236547471141e+00
-4.262713236547471141e+00
0.000000000000000000e+00
9.921998946328302038e-01
-9.921998946328302038e-01
0.000000000000000000e+00
4.151331361037150280e+00
-4.151331361037150280e+00
0.000000000000000000e+00
9.897336050745246805e-01
-9.897336050745246805e-01
0.000000000000000000e+00
4.038213707963176802e+00
-4.038213707963176802e+00
0.000000000000000000e+00
9.868534826427931561e-01
-9.868534826427931561e-01
0.000000000000000000e+00
3.923269143517674085e+00
-3.923269143517674085e+00
0.000000000000000000e+00
9.835269019550466618e-01
-9.835269019550466618e-01
0.000000000000000000e+00
3.806397578858576214e+00
-3.806397578858576214e+00
0.000000000000000000e+00
9.797172403261734663e-01
-9.797172403261734663e-01
0.000000000000000000e+00
3.687488654649145658e+00
-3.687488654649145658e+00
0.000000000000000000e+00
9.753831888418393881e-01
-9.753831888418393881e-01
0.000000000000000000e+00
3.566420162839551100e+00
-3.566420162839551100e+00
0.000000000000000000e+00
9.704779068725758462e-01
-9.704779068725758462e-01
0.000000000000000000e+00
3.443056138032352109e+00
-3.443056138032352109e+00
0.000000000000000000e+00
9.649479749863214550e-01
-9.649479749863214550e-01
0.000000000000000000e+00
3.317244529062975289e+00
-3.317244529062975289e+00
0.000000000000000000e+00
9.587320852515111014e-01
-9.587320852515111014e-01
0.000000000000000000e+00
3.188814331230542365e+00
-3.188814331230542365e+00
0.000000000000000000e+00
9.517593851160507379e-01
-9.517593851160507379e-01
0.000000000000000000e+00
3.057572016959831274e+00
-3.057572016959831274e+00
0.000000000000000000e+00
9.439473579034515227e-01
-9.439473579034515227e-01
0.000000000000000000e+00
2.923297041383395189e+00
-2.923297041383395189e+00
0.000000000000000000e+00
9.351990738795404878e-01
-9.351990738795404878e-01
0.000000000000000000e+00
2.785736109584618259e+00
-2.785736109584618259e+00
0.000000000000000000e+00
9.253995716002010319e-01
-9.253995716002010319e-01
0.000000000000000000e+00
2.644595758048057021e+00
-2.644595758048057021e+00
0.000000000000000000e+00
9.144110143057343487e-01
-9.144110143057343487e-01
0.000000000000000000e+00
2.499532597472843953e+00
-2.499532597472843953e+00
0.000000000000000000e+00
9.020660834403559925e-01
-9.020660834403559925e-01
0.000000000000000000e+00
2.350140241396606822e+00
-2.350140241396606822e+00
0.000000000000000000e+00
8.881587722987591693e-01
-8.881587722987591693e-01
0.000000000000000000e+00
2.195931422786728149e+00
-2.195931422786728149e+00
0.000000000000000000e+00
8.724312363997837050e-01
-8.724312363997837050e-01
0.000000000000000000e+00
2.036312926407478852e+00
-2.036312926407478852e+00
0.000000000000000000e+00
8.545544658681224481e-01
-8.545544658681224481e-01
0.000000000000000000e+00
1.870549443096776177e+00
-1.870549443096776177e+00
0.000000000000000000e+00
8.340989040530216725e-01
-8.340989040530216725e-01
0.000000000000000000e+00
1.697709681725109832e+00
-1.697709681725109832e+00
0.000000000000000000e+00
8.104879507580502462e-01
-8.104879507580502462e-01
0.000000000000000000e+00
1.516582756986640135e+00
-1.516582756986640135e+00
0.000000000000000000e+00
7.829206990882398021e-01
-7.829206990882398021e-01
0.000000000000000000e+00
1.325542003475711050e+00
-1.325542003475711050e+00
0.000000000000000000e+00
7.502355323442811974e-01
-7.502355323442811974e-01
0.000000000000000000e+00
1.122309423911406645e+00
-1.122309423911406645e+00
0.000000000000000000e+00
7.106499874263989547e-01
-7.106499874263989547e-01
0.000000000000000000e+00
9.035162609253886146e-01
-9.035162609253886146e-01
0.000000000000000000e+00
6.612114303379076352e-01
-6.612114303379076352e-01
0.000000000000000000e+00
6.638007268205439182e-01
-6.638007268205439182e-01
0.000000000000000000e+00
5.964614599059854250e-01
-5.964614599059854250e-01
0.000000000000000000e+00
3.937304814065095693e-01
-3.937304814065095693e-01
0.000000000000000000e+00
5.044361119534255256e-01
-5.044361119534255256e-01
0.000000000000000000e+00
7.482490008065151299e-02
-7.482490008065151299e-02
0.000000000000000000e+00
3.498443432216067350e-01
-3.498443432216067350e-01
0.000000000000000000e+00
-2.971894597010187322e-01
2.971894597010187322e-01
0.000000000000000000e+00
-5.305789031736607431e-02
5.305789031736607431e-02
0.000000000000000000e+00
-3.181475690301042158e-01
3.181475690301042158e-01
0.000000000000000000e+00
-3.932852764694980130e-01
3.932852764694980130e-01
0.000000000000000000e+00
-2.592273470831066295e-01
2.592273470831066295e-01
0.000000000000000000e+00
-6.347692659783449320e-01
6.347692659783449320e-01
0.000000000000000000e+00
-1.741713089887414467e-01
1.741713089887414467e-01
0.000000000000000000e+00
-8.122545569768421236e-01
8.122545569768421236e-01
0.000000000000000000e+00
-7.924115001546300219e-02
7.924115001546300219e-02
0.000000000000000000e+00
-9.436915078290533110e-01
9.436915078290533110e-01
0.000000000000000000e+00
1.872127211956471637e-02
-1.872127211956471637e-02
0.000000000000000000e+00
-1.039016905596948037e+00
1.039016905596948037e+00
0.000000000000000000e+00
1.161415193471268259e-01
-1.161415193471268259e-01
0.000000000000000000e+00
-1.104251992671771987e+00
1.104251992671771987e+00
0.000000000000000000e+00
2.108043681347377685e-01
-2.108043681347377685e-01
0.000000000000000000e+00
-1.143270247566145814e+00
1.143270247566145814e+00
0.000000000000000000e+00
3.011067166549407093e-01
-3.011067166549407093e-01
0.000000000000000000e+00
-1.158639892783487335e+00
1.158639892783487335e+00
0.000000000000000000e+00
3.857050094218275049e-01
-3.857050094218275049e-01
0.000000000000000000e+00
-1.152060686710251858e+00
1.152060686710251858e+00
0.000000000000000000e+00
4.633128748092543714e-01
-4.633128748092543714e-01
0.000000000000000000e+00
-1.124601802202839895e+00
1.124601802202839895e+00
0.000000000000000000e+00
5.325524915180918084e-01
-5.325524915180918084e-01
0.000000000000000000e+00
-1.076830623224660943e+00
1.076830623224660943e+00
0.000000000000000000e+00
5.918089793393926934e-01
-5.918089793393926934e-01
0.000000000000000000e+00
-1.008873379824825056e+00
1.008873379824825056e+00
0.000000000000000000e+00
6.390454360508948106e-01
-6.390454360508948106e-01
0.000000000000000000e+00
-9.204252519762964324e-01
9.204252519762964324e-01
0.000000000000000000e+00
6.715194576309626573e-01
-6.715194576309626573e-01
0.000000000000000000e+00
-8.107146014508169740e-01
8.107146014508169740e-01
0.000000000000000000e+00
6.852859353055609226e-01
-6.852859353055609226e-01
0.000000000000000000e+00
-6.784186351476653165e-01
6.784186351476653165e-01
0.000000000000000000e+00
6.742140616809189080e-01
-6.742140616809189080e-01
0.000000000000000000e+00
-5.215332244686631258e-01
5.215332244686631258e-01
0.000000000000000000e+00
6.277609854346261065e-01
-6.277609854346261065e-01
0.000000000000000000e+00
-3.372789501933665668e-01
3.372789501933665668e-01
0.000000000000000000e+00
5.249329666277366968e-01
-5.249329666277366968e-01
0.000000000000000000e+00
-1.227359483844768229e-01
1.227359483844768229e-01
0.000000000000000000e+00
3.132114865197769271e-01
-3.132114865197769271e-01
0.000000000000000000e+00
1.172677181098779331e-01
-1.172677181098779331e-01
0.000000000000000000e+00
-1.706226208434282188e-01
1.706226208434282188e-01
0.000000000000000000e+00
2.553912549139969457e-01
-2.553912549139969457e-01
0.000000000000000000e+00
-4.630758895136830033e-01
4.630758895136830033e-01
0.000000000000000000e+00
1.070522328928253109e-01
-1.070522328928253109e-01
0.000000000000000000e+00
-6.153566832664074671e-01
6.153566832664074671e-01
0.000000000000000000e+00
-7.369136205006349138e-02
7.369136205006349138e-02
0.000000000000000000e+00
-6.836231119474107665e-01
6.836231119474107665e-01
0.000000000000000000e+00
-2.443739092099934396e-01
2.443739092099934396e-01
0.000000000000000000e+00
-6.938249937388505373e-01
6.938249937388505373e-01
0.000000000000000000e+00
-3.943001945321855661e-01
3.943001945321855661e-01
0.000000000000000000e+00
-6.596597343812712344e-01
6.596597343812712344e-01
0.000000000000000000e+00
-5.190126686717846383e-01
5.190126686717846383e-01
0.000000000000000000e+00
-5.892402507600653649e-01
5.892402507600653649e-01
0.000000000000000000e+00
-6.152007374172314691e-01
6.152007374172314691e-01
0.000000000000000000e+00
-4.878421798943717858e-01
4.878421798943717858e-01
0.000000000000000000e+00
-6.790453780068967937e-01
6.790453780068967937e-01
0.000000000000000000e+00
-3.593196781685428776e-01
3.593196781685428776e-01
0.000000000000000000e+00
-7.051345309291559005e-01
7.051345309291559005e-01
0.000000000000000000e+00
-2.072377674825828520e-01
2.072377674825828520e-01
0.000000000000000000e+00
-6.849903328956737925e-01
6.849903328956737925e-01
0.000000000000000000e+00
-3.678012104983666153e-02
3.678012104983666153e-02
0.000000000000000000e+00
-6.041081646587060927e-01
6.041081646587060927e-01
0.000000000000000000e+00
1.390694288956695057e-01
-1.390694288956695057e-01
0.000000000000000000e+00
-4.346647616531883473e-01
4.346647616531883473e-01
0.000000000000000000e+00
2.673675914686275412e-01
-2.673675914686275412e-01
0.000000000000000000e+00
-1.165983821768821205e-01
1.165983821768821205e-01
0.000000000000000000e+00
4.552213251111392189e-02
-4.552213251111392189e-02
0.000000000000000000e+00
3.541648128549398922e-01
-3.541648128549398922e-01
0.000000000000000000e+00
-2.088182292622955405e-01
2.088182292622955405e-01
0.000000000000000000e+00
5.721157923843034343e-01
-5.721157923843034343e-01
0.000000000000000000e+00
-4.331166007708582288e-01
4.331166007708582288e-01
0.000000000000000000e+00
7.077583588699702943e-01
-7.077583588699702943e-01
0.000000000000000000e+00
-6.327760884766996385e-01
6.327760884766996385e-01
0.000000000000000000e+00
8.031383818891314474e-01
-8.031383818891314474e-01
0.000000000000000000e+00
-8.131963889432479720e-01
8.131963889432479720e-01
0.000000000000000000e+00
8.740994516804212466e-01
-8.740994516804212466e-01
0.000000000000000000e+00
-9.780856004598894593e-01
9.780856004598894593e-01
0.000000000000000000e+00
9.283662560769088135e-01
-9.283662560769088135e-01
0.000000000000000000e+00
-1.130012431339140866e+00
1.130012431339140866e+00
0.000000000000000000e+00
9.703296007593188444e-01
-9.703296007593188444e-01
0.000000000000000000e+00
-1.270824838791869249e+00
1.270824838791869249e+00
0.000000000000000000e+00
1.002749108801500366e+00
-1.002749108801500366e+00
0.000000000000000000e+00
-1.401900980362726923e+00
1.401900980362726923e+00
0.000000000000000000e+00
1.027486179706726288e+00
-1.027486179706726288e+00
0.000000000000000000e+00
-1.524300255279342764e+00
1.524300255279342764e+00
0.000000000000000000e+00
1.045863771094301287e+00
-1.045863771094301287e+00
0.000000000000000000e+00
-1.638857563867673228e+00
1.638857563867673228e+00
0.000000000000000000e+00
1.058860776571397544e+00
-1.058860776571397544e+00
0.000000000000000000e+00
-1.746244472731789399e+00
1.746244472731789399e+00
0.000000000000000000e+00
1.067225009080481346e+00
-1.067225009080481346e+00
0.000000000000000000e+00
-1.847010349851447408e+00
1.847010349851447408e+00
0.000000000000000000e+00
1.071542768845375138e+00
-1.071542768845375138e+00
0.000000000000000000e+00
-1.941610912030912406e+00
1.941610912030912406e+00
0.000000000000000000e+00
1.072283722101117887e+00
-1.072283722101117887e+00
0.000000000000000000e+00
-2.030428584955546789e+00
2.030428584955546789e+00
0.000000000000000000e+00
1.069830988106626579e+00
-1.069830988106626579e+00
0.000000000000000000e+00
-2.113787372002946086e+00
2.113787372002946086e+00
0.000000000000000000e+00
1.064501972072335434e+00
-1.064501972072335434e+00
0.000000000000000000e+00
-2.191963938563674663e+00
2.191963938563674663e+00
0.000000000000000000e+00
1.056563193106899723e+00
-1.056563193106899723e+00
0.000000000000000000e+00
-2.265196024403362873e+00
2.265196024403362873e+00
0.000000000000000000e+00
1.046241091931199518e+00
-1.046241091931199518e+00
0.000000000000000000e+00
-2.333688928460366796e+00
2.333688928460366796e+00
0.000000000000000000e+00
1.033730073474275368e+00
-1.033730073474275368e+00
0.000000000000000000e+00
-2.397620575896378448e+00
2.397620575896378448e+00
0.000000000000000000e+00
1.019198602297860523e+00
-1.019198602297860523e+00
0.000000000000000000e+00
-2.457145523896961947e+00
2.457145523896961947e+00
0.000000000000000000e+00
1.002793898154358709e+00
-1.002793898154358709e+00
0.000000000000000000e+00
-2.512398160175090656e+00
2.512398160175090656e+00
0.000000000000000000e+00
9.846456065494613163e-01
-9.846456065494613163e-01
0.000000000000000000e+00
-2.563495278097060126e+00
2.563495278097060126e+00
0.000000000000000000e+00
9.648687064870403729e-01
-9.648687064870403729e-01
0.000000000000000000e+00
-2.610538163594903427e+00
2.610538163594903427e+00
0.000000000000000000e+00
9.435658422349103569e-01
-9.435658422349103569e-01
0.000000000000000000e+00
-2.653614294481862590e+00
2.653614294481862590e+00
0.000000000000000000e+00
9.208292145513337079e-01
-9.208292145513337079e-01
0.000000000000000000e+00
-2.692798727898798816e+00
2.692798727898798816e+00
0.000000000000000000e+00
8.967421311018061170e-01
-8.967421311018061170e-01
0.000000000000000000e+00
-2.728155233404176094e+00
2.728155233404176094e+00
0.000000000000000000e+00
8.713802905760994477e-01
-8.713802905760994477e-01
0.000000000000000000e+00
-2.759737215682075639e+00
2.759737215682075639e+00
0.000000000000000000e+00
8.448128569424662171e-01
-8.448128569424662171e-01
0.000000000000000000e+00
-2.787588460622740349e+00
2.787588460622740349e+00
0.000000000000000000e+00
8.171033671556378053e-01
-8.171033671556378053e-01
0.000000000000000000e+00
-2.811743730687505938e+00
2.811743730687505938e+00
0.000000000000000000e+00
7.883105060036742495e-01
-7.883105060036742495e-01
0.000000000000000000e+00
-2.832229229341591381e+00
2.832229229341591381e+00
0.000000000000000000e+00
7.584887746434846312e-01
-7.584887746434846312e-01
0.000000000000000000e+00
-2.849062949448170734e+00
2.849062949448170734e+00
0.000000000000000000e+00
7.276890740542960589e-01
-7.276890740542960589e-01
0.000000000000000000e+00
-2.862254916516322911e+00
2.862254916516322911e+00
0.000000000000000000e+00
6.959592206592593033e-01
-6.959592206592593033e-01
